{
	"asset": {
		"generator": "VISUALIZEGLTF",
		"version" : "2.0"
	},
	"extensionsUsed": [ "KHR_lights_punctual","KHR_materials_ior","KHR_materials_sheen","KHR_materials_emissive_strength","KHR_materials_specular","KHR_texture_transform" ],
	"scenes": [
		{
			"name": "Default",
			"nodes": [
				0]
		}
	],
	"nodes": [
		{
			"children": [
				1, 4, 5, 6, 7, 8, 9, 10
			]
			,"name": "Root"		}
,
		{
			"children": [
				2
			]
			,"matrix": [
				1,					0,					0,					0,
				0,					1,					0,					0,
				0,					0,					1,					0,
				0,					-0.5183206,					0,					1
			]
			,"name": "HeadtubeLug (Post Processed)"		}
,
		{
			"children": [
				3
			]
			,"name": "Post Processed"		}
,
		{
			"mesh": 0
			,"name": "Post Processed - Part"		}
,
		{
			"matrix": [
				-0.5274276,					-0.343706,					-0.7769725,					0,
				-0.6909773,					0.7056435,					0.1568995,					0,
				0.4943383,					0.6196235,					-0.6096689,					0,
				0.759347,					0.3997815,					-0.3239436,					1
			]
			,"camera": 0
			,"name": "SOLIDWORKS Viewport"		}
,
		{
			"matrix": [
				0.7071068,					0,					-0.7071068,					0,
				-0.1622216,					0.9733286,					-0.1622216,					0,
				0.6882472,					0.2294159,					0.6882472,					0,
				4.445094,					1.981699,					4.445094,					1
			]
			,"camera": 1
			,"name": "Default Camera"		}
,
		{
			"matrix": [
				0.9486833,					0,					0.3162276,					0,
				0.09534618,					0.9534626,					-0.2860387,					0,
				-0.3015112,					0.3015112,					0.9045341,					0,
				-3.015113,					3.015113,					9.045341,					1
			]
			,"extensions" : {
				"KHR_lights_punctual" : {
					"light" : 0
				}
			}
			,"name": "Directional10"		}
,
		{
			"matrix": [
				-0.9804776,					0,					0.1966307,					0,
				0.1835582,					0.3585311,					0.9152934,					0,
				-0.07049821,					0.9335179,					-0.3515317,					0,
				-0.7049817,					9.335178,					-3.515315,					1
			]
			,"extensions" : {
				"KHR_lights_punctual" : {
					"light" : 1
				}
			}
			,"name": "Directional13"		}
,
		{
			"matrix": [
				0.9911693,					0,					-0.1326024,					0,
				-0.0637803,					0.8767267,					-0.4767414,					0,
				0.1162561,					0.4809889,					0.8689846,					0,
				1.162561,					4.809888,					8.689846,					1
			]
			,"extensions" : {
				"KHR_lights_punctual" : {
					"light" : 2
				}
			}
			,"name": "Directional14"		}
,
		{
			"name": "3 Point Faded"		}
,
		{
			"name": "softbox"		}
	],
	"cameras": [
		{
			"type": "perspective",
			"perspective" : {
				"aspectRatio": 1.25,
				"yfov" : 0.3215369,
				"zfar" : 100,
				"znear" : 0.01
			}
		}
,
		{
			"type": "perspective",
			"perspective" : {
				"aspectRatio": 1.777778,
				"yfov" : 0.2617994,
				"zfar" : 100,
				"znear" : 0.01
			}
		}
	],
	"extensions": {
		"KHR_lights_punctual" : {
			"lights": [
		{
			"name": "Directional10[1]",
			"color": [
					0.5773503, 0.5773503, 0.5773503
				],
			"intensity": 0.5773503,
			"type": "directional"
		}
,
		{
			"name": "Directional13[1]",
			"color": [
					0.5773503, 0.5773503, 0.5773503
				],
			"intensity": 0.5773503,
			"type": "directional"
		}
,
		{
			"name": "Directional14[1]",
			"color": [
					0.5773503, 0.5773503, 0.5773503
				],
			"intensity": 0.5773503,
			"type": "directional"
		}

			]
		}
	},
	"meshes" : [
		{
			"primitives" : [
				{
					"attributes" : {
					"POSITION" : 1
					,"NORMAL" : 2
					,"TEXCOORD_0" : 3
					},
					"indices" : 0,
					"mode": 4,
					"material" : 0
				}
			]
		}
	],
	"accessors" : [
			{
				"bufferView": 3,
				"byteOffset" : 0,
				"componentType" : 5125,
				"count" : 81816,
				"type" : "SCALAR"
			},
			{
				"bufferView": 0,
				"byteOffset" : 0,
				"componentType" : 5126,
				"count" : 36904,
				"type" : "VEC3"
								,"min": [0.418677211,0.518620551,-0.0325098187]
								,"max": [0.556288779,0.662976742,0.0325098187]
			},
			{
				"bufferView": 1,
				"byteOffset" : 0,
				"componentType" : 5126,
				"count" : 36904,
				"type" : "VEC3"
			},
			{
				"bufferView": 2,
				"byteOffset" : 0,
				"componentType" : 5126,
				"count" : 36904,
				"type" : "VEC2"
			}
	],
	"materials": [
			{
				"name": "cast aluminum",
					"normalTexture": {
						"index": 0,
						"scale": 0.3
						,"extensions": {
							"KHR_texture_transform": {
								"offset": [10.38957,-10.38957],
								"rotation": 0,
								"scale": [0.5277902, -0.5277902]
							}
						}
					}
				,"emissiveFactor": [
					0, 0, 0
				]
				,"pbrMetallicRoughness": {
					"baseColorFactor": [
						0.4098258, 0.4534565, 0.5604992, 1
					]
					,"metallicFactor": 1
					,"roughnessFactor": 0.25
				}
				,"alphaMode": "OPAQUE"
				,"doubleSided": true
						,"extensions": {
							"KHR_materials_ior": {
								"ior": 1.5
							}
,							"KHR_materials_sheen": {
					"sheenColorFactor": [
						0, 0, 0
					]
								,"sheenRoughnessFactor": 0.5
							}
,							"KHR_materials_emissive_strength": {
								"emissiveStrength": 0
							}
,							"KHR_materials_specular": {
								"specularFactor": 1
					,"specularColorFactor": [
						1, 1, 1
					]
							}
						}
			}
	],
	"textures": [
			{
				"sampler": 0,
				"source": 0,
				"name": "headtubelug_Texture_0002.png"
			}
	],
	"images": [
			{
				"uri": "headtubelug_Texture_0002.png"
			}
	],
	"samplers": [
			{
				"magFilter": 9729,
				"minFilter" : 9729,
				"wrapS" : 10497,
				"wrapT" : 10497,
				"name": "DefaultSampler"
			}
	],
	"bufferViews" : [
			{
				"buffer": 0
				,"byteOffset" : 0
				,"byteLength" : 442848
				,"byteStride" : 12
				,"target" : 34962
			},
			{
				"buffer": 0
				,"byteOffset" : 442848
				,"byteLength" : 442848
				,"byteStride" : 12
				,"target" : 34962
			},
			{
				"buffer": 0
				,"byteOffset" : 885696
				,"byteLength" : 295232
				,"byteStride" : 8
				,"target" : 34962
			},
			{
				"buffer": 0
				,"byteOffset" : 1180928
				,"byteLength" : 327264
				,"target" : 34963
			}
	],
	"buffers" : [
			{
				"byteLength": 1508192
				,"uri" : "headtubelug_0001.bin"
			}
	]
}
